              precision    recall  f1-score   support

           A     0.9137    0.9275    0.9205       331
           B     0.9492    0.9954    0.9718       432
           C     0.9835    0.9613    0.9723       310
           D     0.7291    0.8898    0.8015       245
           E     0.7654    0.8715    0.8150       498
           F     0.7710    0.9676    0.8582       247
           G     0.6531    0.8276    0.7300       348
           H     0.9390    0.6353    0.7579       436
           I     0.9137    0.6250    0.7423       288
           K     0.9888    0.5317    0.6916       331
           L     0.7857    1.0000    0.8800       209
           M     0.8782    0.5305    0.6614       394
           N     0.7164    0.8247    0.7668       291
           O     0.9644    0.9919    0.9780       246
           P     0.9449    0.9885    0.9662       347
           Q     0.9704    1.0000    0.9850       164
           R     0.6069    0.7292    0.6625       144
           S     0.6962    0.8943    0.7829       246
           T     0.8675    0.8185    0.8423       248
           U     0.8984    0.8647    0.8812       266
           V     0.7370    0.7775    0.7567       346
           W     0.8164    0.8204    0.8184       206
           X     0.7831    0.9738    0.8681       267
           Y     0.8636    0.7440    0.7994       332

    accuracy                         0.8309      7172
   macro avg     0.8390    0.8413    0.8296      7172
weighted avg     0.8463    0.8309    0.8270      7172
