              precision    recall  f1-score   support

           A     0.9669    0.8822    0.9226       331
           B     0.9603    0.9514    0.9558       432
           C     0.9932    0.9419    0.9669       310
           D     0.6879    0.7918    0.7362       245
           E     0.8466    0.8092    0.8275       498
           F     0.7987    0.9798    0.8800       247
           G     0.5504    0.8937    0.6813       348
           H     0.9888    0.4060    0.5756       436
           I     0.9815    0.5521    0.7067       288
           K     0.7713    0.5196    0.6209       331
           L     0.7635    0.7416    0.7524       209
           M     0.7826    0.3655    0.4983       394
           N     0.5175    0.9656    0.6739       291
           O     0.9425    1.0000    0.9704       246
           P     0.8431    0.9914    0.9113       347
           Q     0.9769    0.7744    0.8639       164
           R     0.4059    0.9583    0.5702       144
           S     0.6769    0.7154    0.6957       246
           T     0.8361    0.8024    0.8189       248
           U     0.9496    0.9211    0.9351       266
           V     0.6981    0.7486    0.7225       346
           W     0.7605    0.8786    0.8153       206
           X     0.8773    0.8839    0.8806       267
           Y     0.8039    0.6175    0.6985       332

    accuracy                         0.7793      7172
   macro avg     0.8075    0.7955    0.7784      7172
weighted avg     0.8196    0.7793    0.7754      7172
