              precision    recall  f1-score   support

           A     0.9940    1.0000    0.9970       331
           B     1.0000    1.0000    1.0000       432
           C     1.0000    1.0000    1.0000       310
           D     0.9074    1.0000    0.9515       245
           E     0.9803    1.0000    0.9901       498
           F     0.9920    1.0000    0.9960       247
           G     0.9970    0.9511    0.9735       348
           H     1.0000    0.9977    0.9989       436
           I     1.0000    0.9896    0.9948       288
           K     1.0000    0.9275    0.9624       331
           L     1.0000    0.9952    0.9976       209
           M     1.0000    0.8832    0.9380       394
           N     0.8735    0.9725    0.9203       291
           O     1.0000    1.0000    1.0000       246
           P     1.0000    1.0000    1.0000       347
           Q     1.0000    1.0000    1.0000       164
           R     1.0000    1.0000    1.0000       144
           S     0.9677    0.9756    0.9717       246
           T     0.9358    1.0000    0.9669       248
           U     1.0000    1.0000    1.0000       266
           V     0.9971    0.9971    0.9971       346
           W     0.9952    1.0000    0.9976       206
           X     1.0000    1.0000    1.0000       267
           Y     1.0000    0.9970    0.9985       332

    accuracy                         0.9849      7172
   macro avg     0.9850    0.9869    0.9855      7172
weighted avg     0.9860    0.9849    0.9850      7172
