              precision    recall  f1-score   support

           A     0.9940    1.0000    0.9970       331
           B     1.0000    1.0000    1.0000       432
           C     1.0000    1.0000    1.0000       310
           D     0.9570    1.0000    0.9780       245
           E     1.0000    0.9980    0.9990       498
           F     1.0000    1.0000    1.0000       247
           G     0.9970    0.9626    0.9795       348
           H     0.9841    0.9931    0.9886       436
           I     0.9862    0.9896    0.9879       288
           K     0.9939    0.9849    0.9894       331
           L     1.0000    1.0000    1.0000       209
           M     0.9922    0.9695    0.9807       394
           N     0.9601    0.9931    0.9764       291
           O     1.0000    1.0000    1.0000       246
           P     0.9943    1.0000    0.9971       347
           Q     1.0000    1.0000    1.0000       164
           R     1.0000    0.9931    0.9965       144
           S     1.0000    0.9837    0.9918       246
           T     1.0000    1.0000    1.0000       248
           U     0.9923    0.9737    0.9829       266
           V     0.9852    0.9624    0.9737       346
           W     0.9493    1.0000    0.9740       206
           X     0.9780    1.0000    0.9889       267
           Y     0.9970    0.9849    0.9909       332

    accuracy                         0.9904      7172
   macro avg     0.9900    0.9912    0.9905      7172
weighted avg     0.9906    0.9904    0.9904      7172
