              precision    recall  f1-score   support

           A     0.9970    1.0000    0.9985       331
           B     1.0000    1.0000    1.0000       432
           C     1.0000    1.0000    1.0000       310
           D     0.9608    1.0000    0.9800       245
           E     1.0000    0.9759    0.9878       498
           F     1.0000    1.0000    1.0000       247
           G     0.9971    0.9828    0.9899       348
           H     0.9932    0.9977    0.9954       436
           I     1.0000    1.0000    1.0000       288
           K     0.9970    1.0000    0.9985       331
           L     1.0000    0.9952    0.9976       209
           M     1.0000    0.9112    0.9535       394
           N     0.8954    1.0000    0.9448       291
           O     1.0000    1.0000    1.0000       246
           P     1.0000    1.0000    1.0000       347
           Q     1.0000    1.0000    1.0000       164
           R     1.0000    1.0000    1.0000       144
           S     0.9572    1.0000    0.9781       246
           T     0.9880    1.0000    0.9940       248
           U     1.0000    0.9624    0.9808       266
           V     0.9558    1.0000    0.9774       346
           W     1.0000    1.0000    1.0000       206
           X     1.0000    1.0000    1.0000       267
           Y     0.9968    0.9518    0.9738       332

    accuracy                         0.9887      7172
   macro avg     0.9891    0.9907    0.9896      7172
weighted avg     0.9894    0.9887    0.9887      7172
