              precision    recall  f1-score   support

           A     0.9430    1.0000    0.9707       331
           B     0.9953    0.9861    0.9907       432
           C     0.9966    0.9581    0.9770       310
           D     0.6795    0.9347    0.7869       245
           E     0.9298    0.9578    0.9436       498
           F     0.9781    0.9028    0.9389       247
           G     0.7000    0.8649    0.7738       348
           H     0.9050    0.7431    0.8161       436
           I     0.9878    0.8403    0.9081       288
           K     0.9863    0.6526    0.7855       331
           L     0.9716    0.9809    0.9762       209
           M     0.8267    0.7868    0.8062       394
           N     0.7441    0.6495    0.6936       291
           O     0.9593    0.9593    0.9593       246
           P     0.9690    0.9914    0.9801       347
           Q     0.9480    1.0000    0.9733       164
           R     0.6186    0.9236    0.7409       144
           S     0.7769    0.8211    0.7984       246
           T     0.9114    0.8710    0.8907       248
           U     0.9266    0.9023    0.9143       266
           V     0.8299    0.9306    0.8774       346
           W     0.8257    0.9660    0.8904       206
           X     0.9698    0.9625    0.9662       267
           Y     0.9126    0.7861    0.8447       332

    accuracy                         0.8846      7172
   macro avg     0.8872    0.8905    0.8835      7172
weighted avg     0.8946    0.8846    0.8847      7172
