              precision    recall  f1-score   support

           A     0.9850    0.9909    0.9880       331
           B     0.9977    0.9977    0.9977       432
           C     1.0000    0.9935    0.9968       310
           D     0.9561    0.8898    0.9218       245
           E     0.9102    0.9157    0.9129       498
           F     0.9802    1.0000    0.9900       247
           G     0.9288    0.9368    0.9328       348
           H     0.9493    0.9450    0.9471       436
           I     1.0000    0.9653    0.9823       288
           K     0.9917    0.7190    0.8336       331
           L     1.0000    1.0000    1.0000       209
           M     1.0000    0.5457    0.7061       394
           N     0.6350    0.8488    0.7265       291
           O     0.9919    1.0000    0.9960       246
           P     1.0000    1.0000    1.0000       347
           Q     1.0000    1.0000    1.0000       164
           R     0.4251    0.9861    0.5941       144
           S     0.6973    0.9553    0.8062       246
           T     0.9919    0.9879    0.9899       248
           U     0.9027    0.6278    0.7406       266
           V     0.8879    0.8931    0.8905       346
           W     0.9115    1.0000    0.9537       206
           X     1.0000    1.0000    1.0000       267
           Y     0.9732    0.8765    0.9223       332

    accuracy                         0.9108      7172
   macro avg     0.9215    0.9198    0.9095      7172
weighted avg     0.9337    0.9108    0.9129      7172
