              precision    recall  f1-score   support

           A     0.9592    0.9940    0.9763       331
           B     0.9953    0.9838    0.9895       432
           C     0.9968    1.0000    0.9984       310
           D     0.7797    0.9102    0.8399       245
           E     0.9465    0.8534    0.8976       498
           F     0.8511    0.9717    0.9074       247
           G     0.9055    0.7989    0.8489       348
           H     0.9195    0.8647    0.8913       436
           I     0.9922    0.8889    0.9377       288
           K     0.9692    0.5710    0.7186       331
           L     0.9673    0.9904    0.9787       209
           M     0.8950    0.7792    0.8331       394
           N     0.8992    0.7973    0.8452       291
           O     0.9647    1.0000    0.9820       246
           P     0.9912    0.9683    0.9796       347
           Q     0.9647    1.0000    0.9820       164
           R     0.5508    0.9792    0.7050       144
           S     0.6550    0.9106    0.7619       246
           T     0.7680    0.9879    0.8642       248
           U     0.9698    0.7256    0.8301       266
           V     0.7228    0.9798    0.8319       346
           W     0.9694    0.9223    0.9453       206
           X     0.9631    0.9775    0.9703       267
           Y     0.9927    0.8163    0.8959       332

    accuracy                         0.8935      7172
   macro avg     0.8995    0.9029    0.8921      7172
weighted avg     0.9109    0.8935    0.8942      7172
