              precision    recall  f1-score   support

           A     1.0000    1.0000    1.0000       331
           B     1.0000    1.0000    1.0000       432
           C     0.9968    1.0000    0.9984       310
           D     0.9245    1.0000    0.9608       245
           E     1.0000    0.9659    0.9826       498
           F     1.0000    1.0000    1.0000       247
           G     1.0000    0.9943    0.9971       348
           H     0.9977    0.9954    0.9966       436
           I     1.0000    1.0000    1.0000       288
           K     1.0000    0.9366    0.9672       331
           L     1.0000    1.0000    1.0000       209
           M     0.9556    0.9822    0.9687       394
           N     0.9763    0.9897    0.9829       291
           O     1.0000    1.0000    1.0000       246
           P     0.9971    1.0000    0.9986       347
           Q     1.0000    1.0000    1.0000       164
           R     0.9931    1.0000    0.9965       144
           S     0.9919    1.0000    0.9960       246
           T     0.9960    0.9960    0.9960       248
           U     1.0000    1.0000    1.0000       266
           V     1.0000    0.9971    0.9986       346
           W     0.9952    1.0000    0.9976       206
           X     0.9963    1.0000    0.9981       267
           Y     1.0000    1.0000    1.0000       332

    accuracy                         0.9925      7172
   macro avg     0.9925    0.9940    0.9932      7172
weighted avg     0.9928    0.9925    0.9925      7172
