              precision    recall  f1-score   support

           A     0.6667    0.9970    0.7990       331
           B     0.8815    0.9468    0.9129       432
           C     0.8218    0.9226    0.8693       310
           D     0.6713    0.5918    0.6291       245
           E     0.7045    0.8233    0.7593       498
           F     0.3070    0.9757    0.4671       247
           G     0.5788    0.4856    0.5281       348
           H     0.8669    0.6720    0.7571       436
           I     1.0000    0.1146    0.2056       288
           K     0.9899    0.2961    0.4558       331
           L     0.6582    0.8660    0.7479       209
           M     0.6600    0.6751    0.6675       394
           N     0.9065    0.3333    0.4874       291
           O     0.6321    0.9919    0.7722       246
           P     0.9901    0.8674    0.9247       347
           Q     0.9704    1.0000    0.9850       164
           R     0.2594    0.4306    0.3238       144
           S     0.5194    0.7073    0.5990       246
           T     0.5700    0.6734    0.6174       248
           U     0.8193    0.2556    0.3897       266
           V     0.8492    0.4393    0.5790       346
           W     0.7151    0.5971    0.6508       206
           X     0.7579    0.7154    0.7360       267
           Y     0.8390    0.8163    0.8275       332

    accuracy                         0.6797      7172
   macro avg     0.7348    0.6748    0.6538      7172
weighted avg     0.7541    0.6797    0.6679      7172
